18,650256 28,635106
17,645064 27,451446
20,115837 16,321643
17,977927 28,326369
17,504086 28,099152
28,747965 14,958242
18,395099 28,150941
16,818243 27,317672
17,098065 28,111738
26,041638 16,196363
16,223571 27,236373
17,796892 28,045618
17,614917 28,421963
18,106086 29,013714
16,117653 26,689834
18,782667 29,303416
17,492560 27,893773
28,678863 14,706755
17,804348 27,498496
18,734439 28,485559
19,432804 29,573425
28,068319 16,110647
28,312521 15,920725
28,276017 13,394841
17,641284 29,323279
18,387139 28,018463
17,867285 27,070580
19,016177 28,044124
17,694358 26,500990
26,483608 15,460352
17,823487 28,145524
18,897130 28,062446
21,156998 17,342552
20,456139 18,934974
20,058109 18,776654
17,303230 27,661325
17,827393 28,354548
28,537972 15,586668
20,143700 18,280978
18,145731 30,144529
27,192108 15,906157
27,729318 14,619565
20,383527 17,407694
19,548957 27,726017
17,044802 27,749274
17,900370 26,697576
19,897227 16,595880
18,286396 29,417720
28,857671 14,579630
17,147178 28,067939
17,414490 27,079882
18,141674 26,006661
17,434737 27,793988
16,883583 26,786017
19,332105 27,508590
17,591689 29,585495
17,367562 28,093936
17,117822 28,216211
18,184818 29,025752
17,839502 28,244054
18,243056 27,707491
18,497580 28,924684
20,138326 16,865461
17,737446 27,782387
17,873469 27,947094
17,586398 28,313080
17,803096 29,406177
18,242858 29,452181
18,154758 28,790700
18,045963 28,781724
18,678509 27,402940
18,441738 26,306334
18,089650 28,009764
17,162413 27,854746
18,508891 28,540548
17,490666 26,399768
19,046659 28,295310
16,875201 26,076317
17,106819 28,892199
18,514022 29,018234
19,203797 28,265892
17,604033 27,999342
18,062523 26,812084
17,416992 27,301216
16,831230 25,804999
17,450738 28,511335
18,236573 28,059498
18,124137 29,048255
18,093505 27,885709
17,947425 26,683862
19,216348 17,997476
17,730815 28,225015
19,412271 28,051819
19,377048 29,057255
17,942429 27,449131
17,521636 29,118099
17,921747 30,065011
18,796027 28,807735
20,714691 17,873052
28,995451 15,555679
20,099288 19,123357
18,969449 29,215920
18,112363 27,886783
17,488190 29,222042
17,913173 28,594623
16,755759 27,477486
19,949369 16,651307
28,302037 16,005997
18,192171 28,597588
17,967072 29,001006
17,771503 26,749416
18,104674 28,691538
18,381535 28,534279
17,853448 27,852262
17,144692 28,516176
17,185385 28,024655
17,662566 28,031772
16,962131 27,956918
16,647699 28,084599
20,326952 16,720964
28,050663 15,021489
18,012434 26,805241
17,867807 30,160877
17,919737 28,049862
17,987723 27,918537
27,649105 14,966538
17,307422 27,072667
20,083263 16,784958
20,486020 14,775955
17,841326 28,715699
17,745959 27,604236
20,704764 17,032504
20,147945 17,301350
18,067085 30,442900
17,839158 28,664662
17,274350 28,372578
19,591690 16,877690
28,845673 14,023244
17,337507 27,756045
17,680845 28,302265
28,157094 14,696891
27,656814 14,792335
17,921906 29,298054
18,934616 27,477314
20,979334 17,335060
27,407697 15,630459
20,779871 16,245030
17,052719 27,507556
20,132465 17,492424
18,402240 27,470969
18,033381 28,487834
18,519970 26,763605
17,174818 28,196951
18,192794 27,173215
18,553415 28,863745
18,941073 28,489995
18,934865 27,338834
18,265770 29,345246
17,619459 27,234540
28,065046 15,268308
18,076068 28,732551
26,690061 16,748026
20,707597 16,950920
17,553582 28,703680
20,988586 17,922828
18,282616 27,841346
27,696043 14,942130
18,278508 28,497185
16,947834 28,180136
18,014927 27,810005
19,132019 27,237506
17,743217 29,438139
17,981759 29,176696
18,702593 27,614311
21,055372 17,485918
28,279549 15,402708
28,878877 15,002823
18,168730 27,629398
16,326913 27,421213
21,233926 18,582585
17,940616 27,661111
19,383268 27,936003
17,820709 28,628979
19,640390 17,470670
21,089228 18,611865
20,021500 16,914503
20,875676 17,536643
18,582784 27,792196
18,339159 28,894437
18,198193 28,618478
18,474155 28,714921
21,756666 16,452682
18,931392 27,863474
26,416362 15,468733
16,858636 27,369042
18,914087 29,996434
17,890763 28,272310
18,703029 29,678052
19,929964 17,654520
18,513919 29,135782
17,504839 27,180831
18,445918 28,116685
19,833745 29,418845
17,634451 27,798864
27,958190 14,462276
18,191069 27,739432
19,450193 15,570290
17,432069 27,020347
17,418647 27,377207
17,513378 29,272974
17,902232 29,680328
18,837941 27,643621
17,554603 27,518047
28,243744 15,249516
19,857520 16,922173
19,546167 16,501329
18,635471 28,040750
17,201769 27,384528
21,414030 18,361808
17,978013 27,581713
28,110834 15,189437
19,769498 17,650435
20,691399 17,696559
17,868973 27,702310
16,153476 26,817100
17,837924 27,403428
28,901119 15,912423
20,693388 17,270164
16,561719 28,927277
28,036918 14,788162
18,499935 29,163373
18,075849 27,845838
18,170302 27,691886
17,206496 27,000291
17,450895 28,360333
16,705156 27,441133
21,316406 15,964927
27,684788 14,227889
17,410707 28,770842
17,276538 29,235209
17,095173 27,153258
17,622219 27,953523
26,734610 14,904878
19,143994 28,437738
18,147095 28,586083
18,645468 28,504336
18,976120 28,778960
16,640366 28,729062
17,293251 28,686791
18,026871 27,880427
16,822355 28,406128
17,859384 28,912864
17,035528 28,203991
20,000199 15,637559
17,869899 27,397043
19,648379 16,455693
18,095920 28,358833
16,938843 28,934203
20,606057 16,143461
18,100329 29,337414
18,218701 29,418812
21,029443 18,029264
18,511151 27,467738
17,005030 27,032347
18,690494 27,994853
18,481269 28,784975
18,617834 29,371137
17,678158 27,956579
28,426908 14,065095
28,713752 15,104538
16,462573 28,944985
17,961745 27,095058
17,784795 26,843572
28,235499 16,301490
29,038975 15,003652
18,462526 30,023455
19,254717 27,898641
17,657110 28,805945
17,411178 29,367845
18,686910 26,902899
17,487700 27,888009
18,271644 27,265875
18,175497 28,104581
21,870999 17,990306
27,634688 15,426518
19,519098 17,185297
17,977242 29,218060
17,884200 27,727258
18,019972 27,335405
18,874769 28,161702
17,824514 27,487177
18,105355 26,981042
17,417063 27,796044
17,512371 27,936094
17,954974 28,397441
18,970877 28,826433
17,678375 28,266881
17,712741 28,253262
18,355614 28,434034
17,641658 28,974633
19,539013 18,233033
18,896729 28,882865
28,316830 14,975580
20,573762 18,351803
20,973452 16,684869
17,037860 28,956968
18,435073 26,810557
17,638827 26,267908
20,540911 17,465663
18,945225 28,479976
21,338468 16,902940
19,034407 27,937154
27,486693 16,607353
17,335247 27,048926
18,492372 28,616765
18,101720 28,060189
17,969382 27,839844
17,718351 26,895069
17,585489 27,255793
18,341723 28,104873
17,990000 29,104044
21,128162 16,339166
22,228376 16,395412
16,775815 26,954955
18,604662 28,710179
16,682528 27,329677
29,189511 14,652026
16,943609 27,332078
18,707430 27,508574
17,317792 28,282458
18,071134 26,802911
20,373963 17,289425
19,507672 16,631078
18,768832 29,215730
18,752836 28,213620
28,409582 16,198008
18,849848 27,992100
18,669733 28,725337
28,145740 16,733658
21,116041 17,779265
18,129225 27,881815
19,449021 18,625762
20,389145 16,873700
16,788694 29,294477
18,136910 27,627186
17,585665 28,682886
17,845891 29,043536
18,068024 27,868209
17,738167 27,540535
20,455779 18,028282
17,011902 27,971393
16,962158 27,771890
18,991615 28,503921
17,040705 29,688016
20,400247 17,810066
20,326983 17,143358
20,682706 18,527154
17,786777 28,461243
27,107702 15,332744
18,217099 28,265381
27,419193 15,436220
18,947202 27,817936
20,642785 17,380804
21,330912 18,317469
28,178556 16,812201
18,003493 27,924902
19,202494 27,848080
16,576128 27,270532
18,476651 28,803546
17,557405 26,358944
19,891434 17,361663
16,667579 27,474157
20,438110 17,261423
17,638573 27,966628
17,998377 27,750094
18,333991 26,719316
16,617521 28,110589
17,861658 27,538424
28,216466 16,004322
20,566107 17,845838
16,969938 27,160222
17,596869 26,698579
20,081590 17,473277
28,855905 16,153693
17,837523 29,427096
17,956737 27,597499
26,624497 16,184606
28,781407 14,523352
18,220206 28,058927
17,871870 28,426204
17,270559 27,911653
18,510907 28,927926
17,499099 28,554544
18,702975 29,571634
18,672193 26,672734
17,286623 27,726608
18,667501 27,835288
18,901914 28,076771
18,444463 28,026095
17,980438 28,584327
18,193853 27,477148
20,085678 16,970481
28,642550 14,884916
18,009106 28,109136
17,712117 28,641077
18,252878 29,023809
16,952290 28,090136
17,045450 28,311012
17,225572 30,221825
26,910618 15,496345
17,190303 28,124212
18,424310 29,213288
17,482324 28,339005
20,921895 16,866304
18,867080 28,954158
20,101849 17,520101
17,915241 27,970281
18,567839 28,957541
17,302469 28,070020
17,640556 29,303676
18,638568 28,325372
17,762660 28,135675
18,606618 27,431643
18,540290 28,304008
18,092572 28,351075
18,392078 28,601969
17,295339 30,012073
20,551865 17,110929
19,630874 16,939090
17,733846 29,601725
17,935452 28,792571
28,789856 15,328520
17,567467 27,439316
18,506589 28,866711
16,805902 27,916580
18,485405 29,703169
17,534504 28,840479
18,620324 27,795279
16,543389 27,767750
19,895839 18,009840
19,954719 16,881075
17,378565 28,561023
17,202526 28,328151
27,437653 15,763575
18,143444 28,965422
20,807161 17,439402
17,516855 27,861114
17,605357 28,077486
18,551635 28,512888
20,727450 18,201174
17,248786 28,025324
17,190876 27,212820
17,759548 27,840143
17,670302 28,331575
17,031273 28,192558
18,254912 28,610030
18,325396 28,254500
20,221742 17,908674
21,196474 17,395983
26,823940 15,506259
17,920607 28,346105
17,330843 28,883681
27,901962 16,667332
18,004888 28,270458
18,402737 28,646780
17,867412 27,826923
18,001973 27,220015
28,612401 16,192842
17,363475 28,388580
18,238101 28,671226
19,718371 28,906589
19,186466 28,579399
27,760093 16,363140
17,295113 26,930908
21,184020 17,722975
17,447952 25,608911
17,547673 26,998757
17,126762 27,415208
17,544504 28,281610
26,354552 15,277039
29,762474 15,108127
18,536556 28,170849
17,246375 28,213309
18,303099 28,040794
17,472028 28,260173
18,589098 27,114069
16,838306 26,980958
27,465797 16,801727
18,318983 29,888058
17,911943 27,858338
16,991018 28,665894
18,041784 29,284611
16,654455 29,464249
19,301781 27,401927
20,684245 15,955943
19,620654 17,269634
17,930263 28,214207
27,272150 17,040350
20,535432 17,234183
20,931348 19,537473
18,456773 28,315599
27,865844 16,096670
17,018875 27,077241
19,146467 26,577146
18,270436 29,848334
18,234486 28,550517
20,501968 17,760317
18,278553 28,559868
18,416649 28,876777
18,837981 29,263666
18,956451 28,169212
18,449133 27,182315
18,221988 29,023931
17,601665 27,236755
27,590639 14,949885
16,922558 28,468604
17,108769 28,050201
28,383617 15,197661
18,996520 17,515033
17,385521 29,885372
17,587204 27,840708
17,196301 28,582492
18,960238 28,314703
19,999336 18,032275
18,557362 17,109542
18,041730 27,618325
16,663061 26,373522
18,287839 28,222244
17,830605 28,320306
18,540754 27,023635
18,321652 29,113524
17,800390 29,376661
17,779657 27,324294
17,472214 27,208867
17,703124 28,786369
19,963543 17,091508
17,911038 28,008608
17,324406 28,909455
17,404049 27,409330
18,744693 27,576290
17,796602 27,954930
17,918241 28,234864
17,622699 28,786310
17,746398 27,007612
17,795865 28,538578
18,376779 27,300197
20,434468 17,440616
17,991093 29,182348
17,971816 28,924228
16,842192 27,991042
18,150830 28,273486
18,872826 28,088550
20,862704 18,338771
19,956509 17,035207
20,047942 17,536512
27,832800 16,151163
17,946724 27,918457
18,397379 27,984199
17,981173 28,124663
18,956569 28,221105
27,378410 14,025289
27,737068 15,813263
17,584360 28,780717
21,557848 16,910853
18,356339 28,608277
18,955255 28,954307
17,940316 30,001104
17,227176 27,706674
18,755870 16,838852
18,123702 28,951438
19,916425 17,596050
17,807751 28,920119
17,482990 27,541203
27,155023 14,844179
16,610406 27,549002
18,430619 28,925050
18,886942 16,113792
18,638770 27,627701
18,009128 29,505784
16,659646 26,265925
17,665079 29,148761
18,511229 26,716049
26,425745 15,498184
17,791198 29,319059
19,125372 27,879754
17,782167 28,168479
19,055727 30,095220
19,049652 28,334181
17,599711 28,666698
18,542727 28,324886
16,880580 27,434347
16,560622 28,813544
28,111384 16,442371
19,445593 18,012767
19,643156 17,201840
17,257026 26,888356
19,344023 28,641986
18,143010 28,137368
17,711019 27,650409
18,421079 28,441027
17,773395 27,710685
20,527606 16,678973
16,683793 27,594905
17,553549 28,466528
18,156321 27,875398
20,953853 18,457638
27,176285 16,574528
17,528104 28,999207
17,126636 26,536670
17,490112 27,751409
18,027500 28,594791
17,953114 28,223193
20,709812 16,406595
17,261346 28,289587
17,627395 28,304404
28,482682 14,937823
18,100380 27,482192
17,139983 27,795682
17,183590 28,645452
26,685385 16,089755
16,112964 26,685099
17,737957 28,200458
16,685809 28,026664
17,464959 29,583625
15,904451 26,990741
18,372444 28,364697
17,468977 27,823504
28,795435 15,550955
18,481047 27,866486
18,416034 28,963206
18,672448 29,994343
28,047381 16,147416
27,498308 15,809774
28,568045 14,177103
17,417557 29,487481
18,224333 27,565135
18,100237 26,787509
18,565408 28,024228
17,555213 26,362458
25,926298 15,478914
17,872743 27,665579
18,947124 27,636273
20,945991 17,209911
20,171630 19,390532
19,917607 18,467144
16,789272 27,124658
17,726702 28,266966
27,934715 15,543876
20,508024 17,380667
17,886578 29,524341
26,990254 15,628176
28,274376 14,357425
20,312280 17,419565
19,519810 27,449887
17,438312 27,507482
17,783883 26,525188
19,907558 16,217047
18,086786 29,692808
28,187219 14,778517
17,002381 27,778918
17,999815 27,078228
19,000743 26,538676
16,895710 28,232761
17,050094 26,471844
19,095711 27,724467
17,525331 29,360340
17,817025 27,810460
17,660375 28,497185
17,951372 29,152050
18,076947 27,761075
18,398253 27,383178
18,666066 29,248146
19,931635 17,216134
17,546852 28,406250
18,009914 27,539181
18,150811 28,249264
18,233746 29,305854
18,746301 30,002689
17,515905 28,077174
18,323092 28,424742
18,460746 26,905019
18,152025 26,306173
17,360453 27,567131
17,617487 27,348149
18,613893 28,195072
17,670483 26,241374
18,985730 27,512753
16,968793 26,437049
17,679017 29,092649
18,483207 28,927519
19,612125 28,630504
17,899866 27,343454
18,462068 26,768819
17,229726 27,215485
16,817818 26,406372
16,980110 28,237243
18,131120 27,231320
17,637664 29,017434
17,790824 28,129356
18,074161 26,879773
19,841274 17,513616
17,381978 28,501990
19,566553 28,729774
19,374770 29,167981
17,964650 28,127600
17,454316 29,067427
18,115462 29,285102
18,961524 28,853567
20,884120 18,260013
29,010066 16,070587
20,582313 18,555527
18,612283 29,226557
18,202815 28,111243
17,522904 28,662616
17,508035 28,550671
17,066709 27,822855
20,089450 16,666981
28,525304 16,250729
17,545655 29,017329
17,114715 29,020418
17,754369 27,081241
18,571178 29,147117
18,669547 29,088514
17,924344 27,690173
16,955882 28,442988
17,646259 28,174567
17,572079 28,147084
16,920989 28,664419
17,399459 27,878703
20,733419 16,931967
28,792665 15,083124
17,466880 26,369774
18,304402 29,382872
18,470485 28,148034
17,679201 27,478342
27,271222 15,786001
17,919925 27,145836
20,334556 17,208773
19,911796 15,521118
17,737492 28,329218
17,502708 27,712166
20,976023 17,334842
20,068305 17,291651
17,863337 29,960786
17,550381 28,502157
17,601362 28,187390
19,720020 17,411206
28,407493 13,968357
16,994260 27,803827
18,287610 28,478055
27,916502 15,007732
28,424143 15,602227
18,002633 29,024758
19,136187 27,944925
20,614678 16,889305
27,253026 14,810809
20,974047 16,572971
17,183499 27,187514
20,405883 17,321997
17,754197 27,406369
18,016762 28,345818
18,490095 27,499362
17,148291 29,001897
18,804845 27,410146
18,431439 28,556511
18,907418 28,226820
18,127906 27,604209
18,613988 29,362888
17,900801 27,385432
27,710542 15,745380
18,369039 28,691520
26,662225 17,128943
19,826737 17,380827
18,141506 28,537089
21,105956 17,725269
17,532793 28,644085
27,770814 14,840564
17,638107 28,454926
16,152048 28,139856
18,155148 27,987593
19,328168 27,423617
17,240560 28,738585
18,671216 28,749881
17,925107 28,120715
20,482336 18,151320
27,927931 15,559131
29,298631 15,384814
18,208094 27,486735
16,275985 28,068318
20,813151 18,308365
17,999274 27,874701
18,940059 27,832830
18,154535 28,751364
19,781322 17,898643
21,517765 18,039427
20,055244 17,037760
20,798437 17,687284
18,560750 28,070179
18,201006 28,289599
18,402492 28,315615
17,947544 29,188641
21,334015 15,861522
18,422948 27,854161
26,162509 15,317840
17,058594 27,460285
19,105804 29,438167
17,847922 28,422023
19,239013 29,986223
19,746257 17,038730
18,304860 28,960669
17,793992 27,705027
18,524208 28,212191
18,989741 29,796105
17,849136 27,857110
28,085202 14,296069
17,770738 28,119758
19,512810 15,374226
17,848783 27,788943
16,898143 27,300095
17,369654 28,340251
18,733428 30,242886
18,268600 28,068006
17,289529 27,721976
27,370033 15,516493
19,979040 17,661350
19,427958 16,631565
17,782097 28,899722
17,756644 27,529262
21,234247 17,750943
17,823107 27,597264
28,176768 15,727855
19,868861 17,543536
20,836687 17,013687
17,982849 27,631129
16,538504 26,377449
17,760847 28,250842
29,017224 15,551025
20,450046 17,001725
16,649827 28,723946
28,956106 14,821001
17,776511 29,036744
17,377639 27,728454
17,937979 27,905401
17,402240 27,106923
17,980175 29,058565
17,322287 28,161706
20,841527 15,791628
28,505091 14,181085
17,698707 29,190471
17,759283 29,240402
16,859464 27,227153
18,278736 27,144058
27,092246 14,539312
18,809917 28,744097
18,221746 28,480978
18,209449 28,424213
18,430998 28,727699
16,374867 28,265304
18,121281 29,251845
18,121319 27,676953
17,016066 28,436049
17,359794 28,476288
17,527787 29,039419
19,286332 15,987630
17,810948 27,685525
19,495105 16,888217
17,521073 28,569841
17,512621 28,614801
20,229787 15,638086
17,690364 29,367879
18,423833 29,540205
21,523744 17,392501
17,715497 27,458560
17,422467 27,227876
19,319653 27,508993
18,372167 28,238809
18,409312 28,878060
17,895386 28,473800
28,026304 13,691504
28,297668 14,511407
16,609750 29,489288
17,995224 27,132450
17,897615 27,492956
28,276633 16,211466
29,001856 15,102014
18,196745 29,693667
18,977077 28,627066
17,252084 28,103709
16,811292 28,808680
18,393513 27,029002
17,295714 27,911712
18,185119 28,134323
18,173226 27,608622
21,188793 17,608191
28,454508 15,165683
20,223381 17,300927
17,538223 28,429294
17,756352 28,184333
18,497967 27,572443
18,696382 28,218976
17,124996 27,429232
18,039323 27,593768
16,977481 28,286885
18,121953 27,457972
18,276525 27,815387
18,549430 28,049356
17,620949 28,327612
17,634945 27,550919
18,520184 28,145667
16,926991 28,390315
19,590940 18,553692
18,992748 28,627111
28,129834 14,746271
20,286455 18,492757
20,501500 16,740585
16,988161 28,443462
17,627251 26,940705
16,908546 26,185764
20,728548 17,598520
19,342389 27,908778
20,579550 16,782709
19,045762 28,096039
27,164206 16,000938
17,720799 27,667127
17,750074 27,751824
18,169856 28,065982
18,086517 27,536090
17,665489 27,384402
18,161554 27,104402
18,037789 28,044961
18,063547 28,969417
20,535557 16,805365
22,046588 16,545469
16,186793 26,610056
18,371471 28,219849
16,837301 27,525950
28,636699 14,396196
17,256439 26,988768
17,797712 28,387134
17,463008 28,066316
17,817225 26,635228
19,945777 17,494507
19,737343 17,020757
19,133853 29,923880
18,118569 28,034458
27,718784 16,054406
17,952083 27,776036
18,915657 29,277170
28,472369 16,607688
20,885525 18,357371
18,404259 27,817675
19,493234 18,083580
19,695239 17,537020
16,897583 28,638937
17,900888 27,141992
18,087996 27,997790
18,178826 28,296111
18,188487 27,844407
17,843189 27,346166
20,494275 18,223374
17,152578 27,837537
17,270810 28,340282
18,930228 28,811942
17,438991 29,762549
20,963297 17,272496
19,622532 17,534257
20,090579 18,458706
17,240265 27,754266
27,344330 15,716228
17,722495 28,756827
27,915712 15,647295
18,766011 27,866171
20,521476 17,757194
20,679413 18,261382
28,926788 16,150714
17,592054 27,668288
19,219604 28,199810
16,574465 27,641563
18,297198 29,301115
17,405613 25,570970
19,445985 16,459938
17,093601 27,617804
19,979816 17,560489
18,000945 27,866686
17,732033 27,251853
17,847670 26,819566
16,883584 28,205922
17,243289 27,076020
27,756676 15,831763
21,250773 18,482270
17,162976 26,847547
17,659905 26,897772
19,841403 17,788097
29,066091 16,613429
18,193135 29,516259
18,469686 27,933868
26,441421 16,484018
28,310871 14,140122
18,610775 28,069967
17,784270 28,262734
17,091392 28,110341
17,973717 29,397325
18,223414 28,767907
17,952950 29,851180
18,109931 27,141462
17,181952 27,632374
17,895004 27,714420
18,841459 28,113463
17,827279 27,975452
17,712295 28,960259
18,390871 27,566573
20,092004 17,115175
28,963102 15,004712
18,111501 27,877988
18,097222 28,597128
17,430075 28,823567
16,387350 27,651897
17,873974 28,089423
17,343405 29,650438
27,186188 15,507789
17,655012 28,056086
17,960620 28,604071
17,629288 28,570018
21,251022 17,102331
19,088504 29,050973
19,257160 18,207517
18,040527 28,246206
18,233370 29,528824
16,996829 27,197405
17,732653 29,580157
18,276694 27,751302
18,118673 28,232502
18,344890 28,044869
19,110075 28,060904
18,587755 28,070440
17,929304 28,214507
16,732265 29,911357
20,708665 17,975409
18,847512 16,968306
17,924975 29,323234
18,271845 28,567322
28,499064 15,383130
17,577128 27,416745
17,670555 28,151073
17,492671 28,009346
18,644572 29,936553
17,104088 29,155840
18,146549 27,737237
17,186002 28,457307
20,193127 18,057549
20,276721 16,428835
18,226174 28,807333
17,422246 28,276168
27,448705 15,788880
18,026143 29,412435
20,927564 17,760470
17,308301 27,601131
17,550002 27,648146
18,654035 29,116494
20,454404 18,414054
17,786840 28,184433
16,698764 27,459298
17,411801 28,406746
17,438330 27,931320
17,239978 28,824548
18,307643 28,375625
18,234896 27,953991
19,679174 18,281185
20,871677 16,870226
27,460326 14,952470
17,556832 28,725379
17,209193 28,551838
27,798209 16,417801
17,807697 27,954277
18,580150 28,708212
17,865221 28,022369
18,011065 27,057403
27,802600 16,266540
16,867296 28,387447
18,455640 28,340745
19,651277 29,044472
18,964360 28,575381
26,985332 16,196491
16,740619 26,648409
20,238360 17,661366
17,739877 25,714159
17,650720 26,135496
17,905498 27,076951
17,978626 28,051835
26,703638 15,341653
29,828957 15,378032
18,747468 28,470881
16,903460 27,656310
17,825192 28,090853
17,589679 27,729167
18,604155 26,737294
16,892049 26,941879
27,347690 16,600313
17,562214 29,817565
17,621325 27,909025
16,737822 28,775571
18,455626 28,955884
16,907528 29,639873
19,228507 27,887136
19,964288 16,047521
19,842638 17,482780
17,705950 28,165966
28,213697 17,125072
20,888945 16,933933
20,384568 19,079009
18,140891 29,122983
27,736657 15,956529
16,463441 27,258409
18,583742 26,682404
18,156511 29,401726
17,962850 28,648735
21,126956 18,322729
18,087410 28,074756
17,731932 28,524829
19,483367 30,055675
19,026251 28,810463
18,145794 26,535829
18,253028 28,982766
17,250460 27,419482
27,393602 14,616918
17,755452 27,920055
17,346905 27,999415
28,376445 15,082538
19,777011 17,719179
17,061863 29,968200
16,861748 27,420986
16,801246 29,088855
18,179446 28,421379
19,911134 17,921602
18,879393 17,067124
17,869993 27,903860
16,762153 26,303443
18,445507 28,762914
17,173499 28,049299
19,095612 27,647619
18,551427 29,653470
17,644234 29,024970
17,113355 27,220644
18,059225 27,229265
17,091658 28,813198
20,283144 17,263317
17,756076 27,830050
16,940199 28,927813
17,669970 26,777581
19,024289 27,446983
17,284978 28,299785
17,726707 28,556266
17,722180 28,616153
18,256719 27,324217
18,160195 28,126667
18,856899 27,885162
20,369286 16,891496
18,116040 28,776767
17,623443 28,591823
16,918830 27,702858
18,274383 28,735488
18,541866 28,063640
20,375686 17,963626
20,068300 16,920225
20,817509 18,089120
28,615585 16,520257
17,375742 28,280990
19,304181 27,522408
17,995476 28,391810
18,170768 28,791939
27,474633 13,819766
27,919845 15,281160
18,411605 28,246900
21,212387 16,971941
17,926821 28,673052
19,072295 28,958711
17,523095 30,711065
17,400801 27,618884
19,308300 16,407535
18,110454 28,246582
19,933827 17,421402
17,830738 29,464306
18,330812 26,735068
27,211187 15,307546
17,558430 27,393069
18,489206 28,950365
18,865797 16,485100
18,329567 27,259654
17,365081 29,438879
16,247653 26,533157
17,604144 29,128388
18,153732 26,881465
26,708396 15,117213
17,722565 29,047479
18,662332 28,057074
18,272486 28,893188
18,882206 29,756910
18,970578 27,526704
17,862510 27,959289
17,838670 27,836179
17,323709 26,958414
16,549900 28,985672
28,543552 15,937660
20,114587 18,182907
20,106288 17,230409
17,688853 26,684643
18,611260 28,106286
18,530251 28,111277
17,952839 27,798298
18,090470 28,031541
17,558113 27,733897
20,511648 16,657461
17,480520 28,048995
17,457819 28,471697
18,054625 27,873110
21,076224 18,788685
27,531315 15,826052
17,869849 28,979803
17,064047 26,941300
17,165319 27,587076
18,884779 29,970868
18,161289 28,627529
17,985068 28,656983
17,926878 28,785469
17,342415 27,715172
27,186282 16,015496
27,861009 14,609254
28,213796 15,665347
18,433085 27,564678
18,077318 28,271842
19,064153 28,232698
17,670735 27,993113
17,769125 29,254231
19,349470 29,749710
18,407998 27,126229
19,163098 29,817799
18,007460 27,949257
17,854664 28,114138
17,985532 28,478899
17,313877 28,506854
27,536068 15,885646
28,138776 14,580059
28,211737 16,316405
18,002364 27,905862
17,661109 27,550908
19,054151 28,345904
18,416252 28,019567
17,498482 29,639296
19,402130 29,576589
18,175207 27,186825
