6,581310 9,471328
5,443937 8,636752
5,969990 6,982423
7,929032 22,316509
4,818613 7,545318
7,250332 8,363995
4,680425 8,260200
5,783080 8,035559
5,868844 9,083433
10,674215 21,109258
5,008218 8,642244
5,073055 7,616212
5,281175 8,930561
6,187082 8,606389
6,564148 9,079619
4,991698 9,010548
8,854243 20,047303
10,731852 20,784178
9,997556 20,557744
7,770363 21,802269
7,839902 21,218849
6,205352 8,237037
6,776391 7,784717
4,594081 8,546472
8,757656 21,063577
5,775315 7,794821
5,111011 7,435109
8,658153 20,870865
8,339868 20,788408
5,147547 7,992399
5,073965 8,427396
6,614067 9,184794
9,217723 21,072246
5,634751 7,972041
9,336523 21,048660
10,048369 19,845214
8,833990 21,173200
5,806868 9,630050
8,989908 20,161635
9,559392 20,699155
4,030691 8,527825
3,826423 7,558776
6,933597 6,671004
9,378991 21,348551
4,183584 8,370406
8,009219 21,623366
8,710447 20,479380
6,618496 8,306908
4,305276 8,641783
6,965905 7,882880
8,125770 22,050109
5,788067 8,246421
5,521452 8,696546
6,985663 9,011951
6,128362 9,273996
9,189261 21,212551
6,901633 8,081457
8,113572 22,222679
8,758397 20,771923
6,635720 7,681230
5,869949 8,847665
5,124949 9,235114
9,821881 20,787944
9,425536 20,591926
8,482272 21,182073
6,990721 20,600215
6,752441 8,608983
9,351038 21,710255
6,671668 8,377953
7,988333 21,018307
9,175876 20,219291
5,985735 8,911549
8,890688 20,920634
9,029336 20,733624
8,423162 21,745233
8,509459 21,251316
7,563171 20,693877
5,158136 8,897470
5,357291 8,454348
8,959617 20,580509
4,629521 7,819677
10,275150 20,209059
5,711971 8,776979
6,183427 8,081733
6,099720 7,534086
9,002723 20,076357
8,964147 21,154082
10,204635 21,401304
6,138604 21,830590
5,955777 8,327621
3,917725 7,787909
9,721961 21,350640
5,940813 8,509588
8,456966 19,854293
7,962891 20,388132
6,704613 8,416903
6,453182 9,017795
8,710350 21,189013
10,217947 19,735995
6,660947 7,453320
6,460149 8,893493
9,468764 21,554061
9,551330 21,231450
9,490727 21,476526
9,577835 20,193919
9,057202 21,729584
9,923964 21,436355
7,067029 9,233290
5,477129 9,177199
9,866154 20,914218
6,687332 8,518729
8,876340 20,179536
6,147424 8,124600
5,935039 7,580529
6,646012 19,965895
9,276189 20,200032
7,726692 21,182041
5,752742 9,167622
9,627426 21,206621
7,461592 7,631432
8,866383 21,636252
7,420960 21,431130
7,102002 8,510072
7,931195 20,643320
10,263136 19,715138
6,246662 8,855570
5,437313 8,455552
6,284426 8,386003
10,484977 20,232444
7,687647 21,238688
8,123894 7,277091
6,724594 9,766494
5,844965 7,639325
9,555116 21,302788
6,553172 7,248738
8,001337 21,613933
5,081777 8,863102
9,095371 21,570777
5,395076 8,815829
8,231532 21,204040
7,027059 6,423158
5,238830 8,752350
5,424359 8,616802
5,577189 8,446116
6,433293 8,078620
8,811294 23,035465
8,341607 19,160385
9,957193 20,287932
9,779266 20,491195
8,707551 21,109420
8,068887 20,468538
9,756408 21,850461
6,698334 8,045598
5,969904 8,002027
10,142671 20,427125
8,393198 20,172463
6,084400 8,348444
10,005805 19,175284
6,744060 20,891912
7,876951 20,815811
9,224477 21,005920
7,995918 19,597958
10,549508 21,610500
5,981928 9,378172
6,373283 9,845603
5,503896 8,048539
4,714913 8,014458
7,364865 21,214909
9,007595 21,555245
8,042450 7,821320
6,123552 7,738690
9,383560 21,702999
7,049921 8,462179
9,369783 19,905410
7,377599 9,198422
6,426011 7,273425
6,125274 8,067793
7,807372 22,423448
6,517621 8,509234
9,812576 20,817482
6,113426 8,474637
9,501724 20,600137
8,532126 20,861461
6,344085 9,193173
5,886018 7,852816
7,941198 21,484020
8,491603 20,018847
5,305784 9,395675
6,385495 9,448738
6,347101 20,061469
5,287827 7,699999
8,197730 19,981301
8,067470 20,845033
9,366804 21,042033
8,315459 22,338175
10,309220 22,422882
7,275586 20,665427
5,842235 8,111640
5,892912 7,971577
9,331014 21,114621
5,556152 7,433015
8,730319 20,692755
6,192338 9,145277
5,811405 8,531043
8,681744 20,935980
8,680847 19,203659
6,359460 21,332038
6,159584 8,021339
9,483991 21,303752
7,376465 7,844684
7,867629 20,224579
8,662997 21,488902
6,526068 6,763516
6,483248 21,231619
5,945421 8,466507
8,311675 21,216232
8,428514 8,144689
7,640412 21,646372
9,023047 21,903055
7,974496 20,819095
8,345011 20,943615
6,831513 8,820496
9,407247 20,427191
6,550571 7,400167
4,571806 8,234600
9,249623 22,259273
9,643322 20,701468
6,474879 7,981070
9,386095 20,619060
9,617870 20,418009
6,540231 8,644366
7,014000 8,102069
6,216858 8,684369
8,235193 20,874927
9,438551 20,466467
6,114354 7,679223
6,104180 8,284524
4,892254 9,547725
9,525776 20,839603
8,804493 20,228030
8,378255 20,797528
6,941232 20,744669
6,511665 8,341207
9,815922 21,404697
7,053328 8,011564
8,754940 21,520903
9,559460 19,892011
6,010268 8,271458
8,497286 21,257507
9,817140 21,418676
7,801673 21,590746
8,726008 21,139649
8,034319 20,994370
5,114051 9,324074
5,466727 8,099078
8,456029 20,575160
4,484025 8,133153
10,362398 20,661265
5,455127 8,611903
6,750042 7,848963
5,794092 7,460588
8,808498 19,719472
9,809740 20,946112
4,795846 8,433207
3,887500 7,216694
7,260248 6,729328
9,770434 21,022861
4,778605 8,783808
8,556820 20,929719
7,936029 20,812340
5,746204 7,920243
5,017109 8,036614
6,188976 8,301275
8,501524 22,586593
6,289401 8,336165
5,515779 8,236559
6,652708 8,891233
6,109764 8,498034
9,082327 20,275339
6,681425 8,271673
8,343522 22,626420
8,345801 20,457508
6,425665 8,056072
5,768208 8,688980
5,295898 9,469851
9,556266 20,783639
8,865030 20,763369
8,440758 20,248195
6,576900 21,477618
6,340694 9,086247
9,497585 21,312541
6,830141 7,963186
8,287034 21,573534
9,705091 20,650234
5,318862 8,595001
8,936644 20,713701
9,485114 21,476181
8,013081 21,345348
7,928129 20,741163
7,785287 21,444773
4,858414 8,770250
5,627932 8,112256
8,427295 20,611839
5,093322 8,010889
10,398055 20,702326
5,218918 9,172630
5,998030 7,810203
5,508792 7,114262
9,227551 20,240157
8,189557 20,858524
9,352890 21,087032
6,536477 21,566975
6,080725 8,302242
4,452420 7,638199
9,978373 21,990010
5,864211 8,393505
8,422287 19,829418
7,944452 20,303918
6,940381 8,336854
5,862300 8,736536
9,145496 20,449502
10,552327 19,031489
6,038153 8,021204
6,379187 8,251500
8,786012 21,602769
9,038608 20,788027
9,268668 21,441287
9,305576 20,550886
8,683775 21,513049
9,942475 20,684776
7,656531 8,977256
4,992382 8,872340
9,481435 21,073823
6,390545 8,670437
8,238506 20,232477
6,169826 8,470523
6,188667 7,587630
6,937974 19,847666
9,047524 20,582996
7,841594 20,686522
5,416025 9,093705
9,983683 21,723280
6,718756 8,071682
9,143700 21,637117
7,295512 21,567988
7,180811 8,715426
8,701945 20,390522
9,921539 19,020595
6,819961 8,796665
5,672356 8,345860
5,896990 8,086733
10,511787 20,161897
8,188591 21,030401
8,014448 6,303724
6,911351 8,971014
5,600676 7,247756
9,966716 21,735763
5,700487 7,180304
7,641316 21,444301
4,853836 8,260552
9,416714 21,519247
5,983745 8,873705
8,500186 21,097587
7,258005 6,406023
5,744891 8,511450
4,969074 8,154422
5,539063 8,723452
6,947682 7,950201
7,878657 22,889611
8,620636 19,205239
9,264072 20,147136
9,659447 21,073352
8,919075 21,158100
7,511642 20,368706
10,244361 21,109962
6,396568 8,202196
5,575315 7,782718
9,746277 20,123688
8,898972 19,934040
6,614522 8,353793
9,390481 19,328619
7,332126 20,857200
7,941495 20,427664
9,513073 21,050787
7,676333 19,416515
10,311828 21,487401
5,122500 10,102127
6,323841 9,370304
5,301582 8,380111
4,615366 8,191044
7,630655 21,230812
9,354232 22,547025
7,813903 8,150336
5,709294 8,032485
8,986519 22,049023
6,234134 8,614296
8,631846 19,857005
7,116024 9,003820
6,943787 7,839957
5,882351 7,397044
7,848448 21,684388
6,790627 8,612945
9,846653 20,929691
6,370329 8,312341
9,485788 20,563773
8,356690 21,234368
6,881101 9,285750
5,335553 8,566146
8,256222 20,911399
8,747851 20,195112
4,902645 9,566024
6,219267 9,291057
6,251421 20,087348
5,612953 7,133283
8,080224 19,277105
8,445177 20,326752
9,118215 21,338284
8,392218 22,065578
10,046958 21,671259
7,925543 20,913124
5,520459 8,592787
6,194185 7,669572
8,818573 20,989498
6,071286 7,626355
8,797603 20,672290
5,744940 9,660554
6,658775 8,701450
8,247335 20,200683
8,893978 19,897308
7,262192 22,105887
7,064057 7,298100
8,812636 21,175883
7,270245 7,406670
8,571521 20,021899
8,353969 22,329004
6,036944 7,094934
6,636964 21,435724
6,151783 9,029775
8,688206 21,045767
8,550349 8,466075
8,277270 22,131192
9,227172 22,069064
8,014560 20,913829
8,839636 20,525519
7,077668 9,082729
8,590998 20,671226
6,973080 7,484117
4,799050 7,623827
9,376090 21,935441
9,139926 20,741343
6,712124 7,767963
9,857579 20,202755
9,748455 19,860650
6,245509 8,619586
6,141894 7,882051
6,352338 8,705311
8,972880 20,520835
9,477018 20,332946
6,510837 7,604924
5,904120 8,801193
5,410861 9,664476
9,937713 20,801753
9,087455 20,231827
8,657797 20,999177
7,118420 21,026755
6,238850 9,034310
9,607326 21,411493
6,583446 7,771619
8,268866 21,389882
9,546524 20,810614
5,728607 8,362220
8,875932 21,073071
9,312971 21,049058
7,750075 21,722461
8,486765 20,920127
7,293718 21,392352
4,696581 8,873506
5,549988 8,159018
8,597766 20,273197
4,801224 8,510095
10,298325 20,775456
5,227594 9,070730
6,176149 7,998384
5,230388 7,050410
9,432637 20,536820
8,169345 21,291509
9,835769 20,646437
6,737699 21,771210
5,388223 7,951387
3,753863 7,759436
9,980021 22,014194
5,286814 7,549770
8,559865 20,570256
7,679705 19,796536
6,957374 8,019934
6,407248 8,803663
8,775377 20,583731
10,641698 19,139969
6,377907 8,234971
6,258494 8,606449
8,763051 21,389227
8,760804 20,890117
9,131414 20,840674
9,852629 20,745706
8,106084 21,630609
10,663903 21,268107
6,773377 9,348502
5,009460 8,669873
9,690383 20,888290
6,325811 8,782769
9,020413 20,741602
5,334144 8,011290
5,584811 7,675191
7,273089 20,048827
8,675619 20,421670
7,429143 21,186091
5,797755 9,213032
9,366874 21,510929
7,296698 8,208077
9,226623 22,445765
7,272156 21,130951
6,979825 9,297194
7,861884 20,454173
9,922039 19,486621
6,654324 9,197024
5,180266 8,645571
6,163367 8,344414
9,884443 20,944292
7,869009 21,117396
7,620679 7,218676
6,772361 9,079241
5,763718 7,656924
9,486866 21,578180
6,009759 7,556320
7,942076 21,894322
5,464516 8,887862
9,099366 21,387437
5,426424 8,242687
8,324980 21,280298
6,968275 6,753634
6,155742 8,951975
5,783313 8,094604
6,102172 8,806771
6,847359 8,538019
8,794048 22,957074
8,226394 19,464904
9,308932 20,249530
9,227894 20,512096
9,397858 20,610420
8,094934 21,119750
10,098247 21,234149
6,648861 7,724483
5,771734 7,622318
9,850510 20,485064
8,339980 19,586626
5,672324 8,071814
9,388898 19,252344
6,804076 21,044647
8,126708 20,328766
8,743292 20,982775
7,398050 19,644545
10,045626 21,739698
5,328314 9,295280
6,950568 9,799212
5,763870 8,554794
5,170947 8,060602
7,986447 21,534315
9,459150 22,232589
8,210815 8,017109
5,758256 8,127366
8,774092 22,215879
6,446948 8,679627
9,208486 20,758711
6,872559 8,511150
6,455477 8,049841
5,982347 7,934404
7,582665 22,278551
7,185616 8,305876
9,938851 21,118319
6,043311 8,247991
9,323028 20,500894
7,676413 21,433593
6,145263 8,581072
5,631315 7,933332
8,714774 21,503637
8,756461 20,198568
5,128135 9,522336
6,420614 8,947542
6,607202 20,757370
5,921591 7,259687
7,568003 19,403356
8,268084 20,384798
8,755249 20,541289
8,432690 22,344402
9,884903 21,700252
7,219484 20,839663
5,134543 8,116005
6,197047 7,406747
9,338223 20,705354
6,263376 7,881834
8,493143 21,017416
6,294642 9,212258
6,588203 8,418718
8,656963 21,076862
9,118022 19,459499
7,241875 21,284452
6,409358 7,417910
9,354610 21,189307
7,469703 7,675482
8,478453 20,430091
8,140881 22,262165
5,874088 7,014475
6,434783 21,757820
6,319489 8,386433
8,925595 20,952074
8,212677 8,268836
8,182030 22,228130
9,216384 22,207211
7,422834 20,578549
8,553518 20,685977
7,153548 8,409772
8,650396 20,729475
6,963499 7,336195
4,634417 8,087805
8,774625 21,566880
9,364346 20,594918
6,146382 7,746316
9,736841 20,214610
10,431206 20,698711
8,339435 7,572447
5,861828 8,440439
9,298199 21,800433
6,757532 8,435191
9,381500 20,787261
6,804433 8,870437
6,676907 7,520286
5,802230 7,514276
7,545933 22,328311
6,766060 8,068412
9,714590 20,920129
6,164948 8,329622
9,327746 21,401387
8,304092 21,139054
6,638478 8,521329
5,671411 8,356909
